29203 16034 246 9045 31650 2611 9028 2453 21970 20171 21984 10628 14745 23751 11164 23573 24953 21534 27322 8051 15367 2723 24288 20009 25866 20359 14257 24988 23136 6697 15306 13728 19518 3254 22487 2147 16061 17290 14665 8397 17066 10364 28359 7477 32311 14421 4030 15030 12046 20229 18184 4503 11563 13440 13106 2320 7265 23281 6625 13977 11051 19141 20416 19490 23717 6654 26263 3681 32444 7779 8775 21324 159 25380 32168 6742 31503 8193 11992 17344 31295 30523 12057 31853 1448 
13219 24019 22726 15068 13325 29008 
2078 2779 

20477 8707 10215 5503 15776 17501 3684 
17528 24065 6111 
12396 6595 9071 21556 12472 3189 

2250 22891 6779 30777 20734 21414 

25980 2194 1931 9666 32258 10852 165 
24013 24722 3765 
28803 16943 10656 
6677 14250 
20192 23238 1090 28294 10615 27405 32592 
29753 21519 23923 

1362 13862 7304 2932 
31735 1950 25047 
12310 13237 28655 17918 11124 
